# Stellar evolution track /home/tal/SciTools/synt/tracks/d641
# Track based on the Maeder-Meynet (Geneva) evolutionary tracks
# Schaller, G., Schaerer, D., Meynet, G., Maeder, A., 1992, A&A, 96, 269
# Track point   0
# Solar metallicity tracks
#      M[M0]     R[R0]     L[L0]   t_MS[yr]  Teff[K]      K  T/t_MS
        M        R           L      T_MS     T_eff     K    T_t_MS
  1  120.000 1.564E+01 1.786E+06 2.991E+06 5.333E+04 -5.606 0.0000
  2  118.906 1.557E+01 1.754E+06 2.998E+06 5.321E+04 -5.593 0.0000
  3  117.812 1.543E+01 1.722E+06 3.006E+06 5.321E+04 -5.573 0.0000
  4  116.718 1.538E+01 1.694E+06 3.013E+06 5.309E+04 -5.563 0.0000
  5  115.625 1.531E+01 1.663E+06 3.021E+06 5.297E+04 -5.550 0.0000
  6  114.532 1.524E+01 1.633E+06 3.028E+06 5.284E+04 -5.538 0.0000
  7  113.438 1.518E+01 1.607E+06 3.035E+06 5.272E+04 -5.527 0.0000
  8  112.344 1.511E+01 1.578E+06 3.043E+06 5.260E+04 -5.515 0.0000
  9  111.250 1.499E+01 1.552E+06 3.050E+06 5.260E+04 -5.497 0.0000
 10  110.156 1.494E+01 1.528E+06 3.058E+06 5.248E+04 -5.487 0.0000
 11  109.062 1.487E+01 1.500E+06 3.065E+06 5.236E+04 -5.474 0.0000
 12  107.968 1.480E+01 1.472E+06 3.072E+06 5.224E+04 -5.462 0.0000
 13  106.875 1.467E+01 1.445E+06 3.080E+06 5.224E+04 -5.442 0.0000
 14  105.782 1.453E+01 1.419E+06 3.087E+06 5.224E+04 -5.422 0.0000
 15  104.688 1.447E+01 1.393E+06 3.095E+06 5.212E+04 -5.409 0.0000
 16  103.594 1.435E+01 1.371E+06 3.102E+06 5.212E+04 -5.392 0.0000
 17  102.500 1.428E+01 1.346E+06 3.110E+06 5.200E+04 -5.379 0.0000
 18  101.406 1.424E+01 1.324E+06 3.117E+06 5.188E+04 -5.369 0.0000
 19  100.312 1.410E+01 1.300E+06 3.124E+06 5.188E+04 -5.349 0.0000
 20   99.218 1.406E+01 1.279E+06 3.132E+06 5.176E+04 -5.339 0.0000
 21   98.125 1.399E+01 1.256E+06 3.139E+06 5.164E+04 -5.326 0.0000
 22   97.032 1.393E+01 1.233E+06 3.147E+06 5.152E+04 -5.313 0.0000
 23   95.938 1.388E+01 1.213E+06 3.154E+06 5.140E+04 -5.303 0.0000
 24   94.844 1.382E+01 1.191E+06 3.162E+06 5.129E+04 -5.290 0.0000
 25   93.750 1.369E+01 1.169E+06 3.169E+06 5.129E+04 -5.270 0.0000
 26   92.656 1.364E+01 1.151E+06 3.176E+06 5.117E+04 -5.260 0.0000
 27   91.562 1.358E+01 1.130E+06 3.184E+06 5.105E+04 -5.248 0.0000
 28   90.468 1.345E+01 1.109E+06 3.191E+06 5.105E+04 -5.228 0.0000
 29   89.375 1.339E+01 1.089E+06 3.199E+06 5.093E+04 -5.215 0.0000
 30   88.282 1.327E+01 1.069E+06 3.206E+06 5.093E+04 -5.195 0.0000
 31   87.188 1.321E+01 1.050E+06 3.213E+06 5.082E+04 -5.182 0.0000
 32   86.094 1.310E+01 1.033E+06 3.221E+06 5.082E+04 -5.165 0.0000
 33   85.000 1.304E+01 1.014E+06 3.228E+06 5.070E+04 -5.152 0.0000
 34   84.219 1.298E+01 9.954E+05 3.249E+06 5.058E+04 -5.139 0.0000
 35   83.438 1.291E+01 9.750E+05 3.269E+06 5.047E+04 -5.124 0.0000
 36   82.657 1.277E+01 9.550E+05 3.290E+06 5.047E+04 -5.102 0.0000
 37   81.875 1.270E+01 9.354E+05 3.311E+06 5.035E+04 -5.087 0.0000
 38   81.093 1.263E+01 9.162E+05 3.331E+06 5.023E+04 -5.071 0.0000
 39   80.312 1.251E+01 8.995E+05 3.352E+06 5.023E+04 -5.051 0.0000
 40   79.531 1.244E+01 8.810E+05 3.372E+06 5.012E+04 -5.036 0.0000
 41   78.750 1.237E+01 8.630E+05 3.393E+06 5.000E+04 -5.021 0.0000
 42   77.969 1.224E+01 8.453E+05 3.413E+06 5.000E+04 -4.999 0.0000
 43   77.188 1.217E+01 8.279E+05 3.434E+06 4.989E+04 -4.983 0.0000
 44   76.407 1.210E+01 8.110E+05 3.454E+06 4.977E+04 -4.968 0.0000
 45   75.625 1.199E+01 7.962E+05 3.475E+06 4.977E+04 -4.948 0.0000
 46   74.843 1.187E+01 7.798E+05 3.496E+06 4.977E+04 -4.926 0.0000
 47   74.062 1.181E+01 7.656E+05 3.516E+06 4.966E+04 -4.913 0.0000
 48   73.281 1.176E+01 7.516E+05 3.537E+06 4.955E+04 -4.900 0.0000
 49   72.500 1.169E+01 7.362E+05 3.557E+06 4.943E+04 -4.885 0.0000
 50   71.719 1.164E+01 7.228E+05 3.578E+06 4.932E+04 -4.873 0.0000
 51   70.938 1.152E+01 7.079E+05 3.598E+06 4.932E+04 -4.850 0.0000
 52   70.157 1.145E+01 6.934E+05 3.619E+06 4.920E+04 -4.835 0.0000
 53   69.375 1.135E+01 6.808E+05 3.639E+06 4.920E+04 -4.815 0.0000
 54   68.593 1.128E+01 6.668E+05 3.660E+06 4.909E+04 -4.800 0.0000
 55   67.812 1.123E+01 6.546E+05 3.681E+06 4.898E+04 -4.787 0.0000
 56   67.031 1.111E+01 6.412E+05 3.701E+06 4.898E+04 -4.765 0.0000
 57   66.250 1.105E+01 6.281E+05 3.722E+06 4.887E+04 -4.749 0.0000
 58   65.469 1.095E+01 6.166E+05 3.742E+06 4.887E+04 -4.729 0.0000
 59   64.688 1.089E+01 6.039E+05 3.763E+06 4.875E+04 -4.714 0.0000
 60   63.907 1.082E+01 5.916E+05 3.783E+06 4.864E+04 -4.699 0.0000
 61   63.125 1.076E+01 5.794E+05 3.804E+06 4.853E+04 -4.684 0.0000
 62   62.343 1.071E+01 5.689E+05 3.824E+06 4.842E+04 -4.671 0.0000
 63   61.562 1.060E+01 5.572E+05 3.845E+06 4.842E+04 -4.649 0.0000
 64   60.781 1.054E+01 5.458E+05 3.866E+06 4.831E+04 -4.633 0.0000
 65   60.000 1.048E+01 5.346E+05 3.886E+06 4.819E+04 -4.618 0.0000
 66   59.375 1.040E+01 5.212E+05 3.914E+06 4.808E+04 -4.598 0.0000
 67   58.750 1.031E+01 5.082E+05 3.942E+06 4.797E+04 -4.578 0.0000
 68   58.125 1.028E+01 4.955E+05 3.970E+06 4.775E+04 -4.565 0.0000
 69   57.500 1.019E+01 4.831E+05 3.999E+06 4.764E+04 -4.545 0.0000
 70   56.875 1.016E+01 4.710E+05 4.027E+06 4.742E+04 -4.532 0.0000
 71   56.250 1.008E+01 4.592E+05 4.055E+06 4.732E+04 -4.512 0.0000
 72   55.625 9.997E+00 4.477E+05 4.083E+06 4.721E+04 -4.492 0.0000
 73   55.000 9.962E+00 4.365E+05 4.111E+06 4.699E+04 -4.479 0.0000
 74   54.375 9.882E+00 4.256E+05 4.139E+06 4.688E+04 -4.459 0.0000
 75   53.750 9.848E+00 4.150E+05 4.167E+06 4.667E+04 -4.446 0.0000
 76   53.125 9.769E+00 4.046E+05 4.195E+06 4.656E+04 -4.426 0.0000
 77   52.500 9.691E+00 3.945E+05 4.224E+06 4.645E+04 -4.405 0.0000
 78   51.875 9.657E+00 3.846E+05 4.252E+06 4.624E+04 -4.392 0.0000
 79   51.250 9.580E+00 3.750E+05 4.280E+06 4.613E+04 -4.372 0.0000
 80   50.625 9.492E+00 3.648E+05 4.308E+06 4.603E+04 -4.350 0.0000
 81   50.000 9.459E+00 3.556E+05 4.336E+06 4.581E+04 -4.337 0.0000
 82   49.375 9.383E+00 3.467E+05 4.364E+06 4.571E+04 -4.317 0.0000
 83   48.750 9.351E+00 3.381E+05 4.392E+06 4.550E+04 -4.304 0.0000
 84   48.125 9.276E+00 3.296E+05 4.420E+06 4.539E+04 -4.283 0.0000
 85   47.500 9.202E+00 3.214E+05 4.448E+06 4.529E+04 -4.263 0.0000
 86   46.875 9.159E+00 3.126E+05 4.477E+06 4.508E+04 -4.248 0.0000
 87   46.250 9.086E+00 3.048E+05 4.505E+06 4.498E+04 -4.228 0.0000
 88   45.625 9.054E+00 2.972E+05 4.533E+06 4.477E+04 -4.215 0.0000
 89   45.000 8.982E+00 2.897E+05 4.561E+06 4.467E+04 -4.195 0.0000
 90   44.375 8.910E+00 2.825E+05 4.589E+06 4.457E+04 -4.174 0.0000
 91   43.750 8.869E+00 2.748E+05 4.617E+06 4.436E+04 -4.159 0.0000
 92   43.125 8.798E+00 2.679E+05 4.645E+06 4.426E+04 -4.139 0.0000
 93   42.500 8.727E+00 2.612E+05 4.673E+06 4.416E+04 -4.119 0.0000
 94   41.875 8.697E+00 2.547E+05 4.701E+06 4.395E+04 -4.106 0.0000
 95   41.250 8.627E+00 2.483E+05 4.730E+06 4.385E+04 -4.086 0.0000
 96   40.625 8.558E+00 2.421E+05 4.758E+06 4.375E+04 -4.065 0.0000
 97   40.000 8.489E+00 2.360E+05 4.786E+06 4.365E+04 -4.045 0.0000
 98   39.531 8.421E+00 2.280E+05 4.857E+06 4.345E+04 -4.022 0.0000
 99   39.062 8.363E+00 2.208E+05 4.928E+06 4.325E+04 -4.002 0.0000
100   38.593 8.296E+00 2.133E+05 4.999E+06 4.305E+04 -3.979 0.0000
101   38.125 8.229E+00 2.061E+05 5.070E+06 4.285E+04 -3.956 0.0000
102   37.657 8.163E+00 1.991E+05 5.141E+06 4.266E+04 -3.933 0.0000
103   37.188 8.098E+00 1.923E+05 5.212E+06 4.246E+04 -3.910 0.0000
104   36.719 8.033E+00 1.858E+05 5.283E+06 4.227E+04 -3.887 0.0000
105   36.250 7.968E+00 1.795E+05 5.354E+06 4.207E+04 -3.864 0.0000
106   35.781 7.904E+00 1.734E+05 5.425E+06 4.188E+04 -3.842 0.0000
107   35.312 7.841E+00 1.675E+05 5.496E+06 4.169E+04 -3.819 0.0000
108   34.843 7.778E+00 1.618E+05 5.567E+06 4.150E+04 -3.796 0.0000
109   34.375 7.680E+00 1.563E+05 5.638E+06 4.140E+04 -3.766 0.0000
110   33.907 7.618E+00 1.510E+05 5.709E+06 4.121E+04 -3.743 0.0000
111   33.438 7.557E+00 1.459E+05 5.780E+06 4.102E+04 -3.720 0.0000
112   32.969 7.497E+00 1.409E+05 5.851E+06 4.083E+04 -3.697 0.0000
113   32.500 7.445E+00 1.365E+05 5.922E+06 4.064E+04 -3.676 0.0000
114   32.031 7.385E+00 1.318E+05 5.993E+06 4.046E+04 -3.653 0.0000
115   31.562 7.301E+00 1.276E+05 6.065E+06 4.036E+04 -3.626 0.0000
116   31.094 7.242E+00 1.233E+05 6.136E+06 4.018E+04 -3.603 0.0000
117   30.625 7.184E+00 1.191E+05 6.207E+06 3.999E+04 -3.580 0.0000
118   30.156 7.126E+00 1.151E+05 6.278E+06 3.981E+04 -3.557 0.0000
119   29.688 7.069E+00 1.112E+05 6.349E+06 3.963E+04 -3.534 0.0000
120   29.219 7.012E+00 1.074E+05 6.420E+06 3.945E+04 -3.511 0.0000
121   28.750 6.956E+00 1.038E+05 6.491E+06 3.926E+04 -3.488 0.0000
122   28.281 6.900E+00 1.002E+05 6.562E+06 3.908E+04 -3.465 0.0000
123   27.812 6.845E+00 9.683E+04 6.633E+06 3.890E+04 -3.442 0.0000
124   27.344 6.790E+00 9.354E+04 6.704E+06 3.873E+04 -3.419 0.0000
125   26.875 6.735E+00 9.036E+04 6.775E+06 3.855E+04 -3.396 0.0000
126   26.406 6.681E+00 8.730E+04 6.846E+06 3.837E+04 -3.373 0.0000
127   25.938 6.628E+00 8.433E+04 6.917E+06 3.819E+04 -3.350 0.0000
128   25.469 6.544E+00 8.147E+04 6.988E+06 3.811E+04 -3.320 0.0000
129   25.000 6.499E+00 7.889E+04 7.059E+06 3.793E+04 -3.300 0.0000
130   24.844 6.477E+00 7.762E+04 7.119E+06 3.784E+04 -3.289 0.0000
131   24.688 6.447E+00 7.621E+04 7.178E+06 3.776E+04 -3.277 0.0000
132   24.531 6.447E+00 7.482E+04 7.237E+06 3.758E+04 -3.271 0.0000
133   24.375 6.417E+00 7.345E+04 7.297E+06 3.750E+04 -3.259 0.0000
134   24.219 6.395E+00 7.228E+04 7.356E+06 3.741E+04 -3.248 0.0000
135   24.062 6.366E+00 7.096E+04 7.416E+06 3.733E+04 -3.236 0.0000
136   23.906 6.337E+00 6.966E+04 7.475E+06 3.724E+04 -3.223 0.0000
137   23.750 6.308E+00 6.839E+04 7.534E+06 3.715E+04 -3.210 0.0000
138   23.594 6.279E+00 6.714E+04 7.594E+06 3.707E+04 -3.197 0.0000
139   23.438 6.250E+00 6.592E+04 7.653E+06 3.698E+04 -3.185 0.0000
140   23.281 6.228E+00 6.486E+04 7.713E+06 3.690E+04 -3.174 0.0000
141   23.125 6.200E+00 6.368E+04 7.772E+06 3.681E+04 -3.162 0.0000
142   22.969 6.200E+00 6.252E+04 7.831E+06 3.664E+04 -3.156 0.0000
143   22.812 6.178E+00 6.152E+04 7.891E+06 3.656E+04 -3.146 0.0000
144   22.656 6.150E+00 6.039E+04 7.950E+06 3.648E+04 -3.133 0.0000
145   22.500 6.122E+00 5.929E+04 8.010E+06 3.639E+04 -3.121 0.0000
146   22.344 6.093E+00 5.821E+04 8.069E+06 3.631E+04 -3.108 0.0000
147   22.188 6.065E+00 5.715E+04 8.129E+06 3.622E+04 -3.095 0.0000
148   22.031 6.072E+00 5.623E+04 8.188E+06 3.606E+04 -3.092 0.0000
149   21.875 6.045E+00 5.521E+04 8.247E+06 3.597E+04 -3.079 0.0000
150   21.719 6.017E+00 5.420E+04 8.307E+06 3.589E+04 -3.067 0.0000
151   21.562 5.989E+00 5.321E+04 8.366E+06 3.581E+04 -3.054 0.0000
152   21.406 5.968E+00 5.236E+04 8.426E+06 3.573E+04 -3.044 0.0000
153   21.250 5.941E+00 5.140E+04 8.485E+06 3.565E+04 -3.031 0.0000
154   21.094 5.914E+00 5.047E+04 8.544E+06 3.556E+04 -3.018 0.0000
155   20.938 5.893E+00 4.966E+04 8.604E+06 3.548E+04 -3.008 0.0000
156   20.781 5.873E+00 4.887E+04 8.663E+06 3.540E+04 -2.998 0.0000
157   20.625 5.846E+00 4.797E+04 8.723E+06 3.532E+04 -2.985 0.0000
158   20.469 5.819E+00 4.710E+04 8.782E+06 3.524E+04 -2.972 0.0000
159   20.312 5.792E+00 4.624E+04 8.842E+06 3.516E+04 -2.959 0.0000
160   20.156 5.772E+00 4.550E+04 8.901E+06 3.508E+04 -2.949 0.0000
161   20.000 5.746E+00 4.467E+04 8.960E+06 3.499E+04 -2.936 0.0000
162   19.844 5.700E+00 4.355E+04 9.079E+06 3.491E+04 -2.916 0.0000
163   19.688 5.680E+00 4.246E+04 9.198E+06 3.475E+04 -2.903 0.0000
164   19.531 5.661E+00 4.140E+04 9.316E+06 3.459E+04 -2.890 0.0000
165   19.375 5.615E+00 4.036E+04 9.435E+06 3.451E+04 -2.870 0.0000
166   19.219 5.596E+00 3.936E+04 9.553E+06 3.436E+04 -2.857 0.0000
167   19.062 5.576E+00 3.837E+04 9.672E+06 3.420E+04 -2.844 0.0000
168   18.906 5.564E+00 3.750E+04 9.791E+06 3.404E+04 -2.833 0.0000
169   18.750 5.519E+00 3.656E+04 9.909E+06 3.396E+04 -2.813 0.0000
170   18.594 5.500E+00 3.565E+04 1.003E+07 3.381E+04 -2.800 0.0000
171   18.438 5.481E+00 3.475E+04 1.015E+07 3.365E+04 -2.787 0.0000
172   18.281 5.468E+00 3.396E+04 1.026E+07 3.350E+04 -2.777 0.0000
173   18.125 5.425E+00 3.311E+04 1.038E+07 3.342E+04 -2.756 0.0000
174   17.969 5.381E+00 3.228E+04 1.050E+07 3.334E+04 -2.736 0.0000
175   17.812 5.362E+00 3.148E+04 1.062E+07 3.319E+04 -2.723 0.0000
176   17.656 5.326E+00 3.076E+04 1.074E+07 3.311E+04 -2.705 0.0000
177   17.500 5.307E+00 2.999E+04 1.086E+07 3.296E+04 -2.692 0.0000
178   17.344 5.289E+00 2.924E+04 1.098E+07 3.281E+04 -2.679 0.0000
179   17.188 5.246E+00 2.851E+04 1.110E+07 3.273E+04 -2.659 0.0000
180   17.031 5.204E+00 2.780E+04 1.121E+07 3.266E+04 -2.639 0.0000
181   16.875 5.192E+00 2.716E+04 1.133E+07 3.251E+04 -2.628 0.0000
182   16.719 5.174E+00 2.649E+04 1.145E+07 3.236E+04 -2.615 0.0000
183   16.562 5.133E+00 2.582E+04 1.157E+07 3.228E+04 -2.595 0.0000
184   16.406 5.115E+00 2.518E+04 1.169E+07 3.214E+04 -2.582 0.0000
185   16.250 5.098E+00 2.455E+04 1.181E+07 3.199E+04 -2.569 0.0000
186   16.094 5.086E+00 2.399E+04 1.193E+07 3.184E+04 -2.558 0.0000
187   15.938 5.045E+00 2.339E+04 1.204E+07 3.177E+04 -2.538 0.0000
188   15.781 5.028E+00 2.280E+04 1.216E+07 3.162E+04 -2.525 0.0000
189   15.625 4.987E+00 2.223E+04 1.228E+07 3.155E+04 -2.505 0.0000
190   15.469 4.947E+00 2.168E+04 1.240E+07 3.148E+04 -2.484 0.0000
191   15.312 4.930E+00 2.113E+04 1.252E+07 3.133E+04 -2.471 0.0000
192   15.156 4.913E+00 2.061E+04 1.264E+07 3.119E+04 -2.458 0.0000
193   15.000 4.896E+00 2.009E+04 1.276E+07 3.105E+04 -2.445 0.0000
194   14.906 4.863E+00 1.963E+04 1.291E+07 3.097E+04 -2.427 0.0000
195   14.812 4.857E+00 1.923E+04 1.306E+07 3.083E+04 -2.419 0.0000
196   14.719 4.829E+00 1.884E+04 1.322E+07 3.076E+04 -2.404 0.0000
197   14.625 4.801E+00 1.845E+04 1.337E+07 3.069E+04 -2.389 0.0000
198   14.531 4.796E+00 1.807E+04 1.352E+07 3.055E+04 -2.381 0.0000
199   14.438 4.768E+00 1.770E+04 1.368E+07 3.048E+04 -2.365 0.0000
200   14.344 4.763E+00 1.734E+04 1.383E+07 3.034E+04 -2.357 0.0000
201   14.250 4.735E+00 1.698E+04 1.399E+07 3.027E+04 -2.342 0.0000
202   14.156 4.708E+00 1.663E+04 1.414E+07 3.020E+04 -2.327 0.0000
203   14.062 4.703E+00 1.629E+04 1.429E+07 3.006E+04 -2.319 0.0000
204   13.969 4.676E+00 1.596E+04 1.445E+07 2.999E+04 -2.303 0.0000
205   13.875 4.670E+00 1.563E+04 1.460E+07 2.985E+04 -2.295 0.0000
206   13.781 4.644E+00 1.531E+04 1.475E+07 2.979E+04 -2.280 0.0000
207   13.688 4.617E+00 1.500E+04 1.491E+07 2.972E+04 -2.265 0.0000
208   13.594 4.612E+00 1.469E+04 1.506E+07 2.958E+04 -2.257 0.0000
209   13.500 4.585E+00 1.439E+04 1.522E+07 2.951E+04 -2.241 0.0000
210   13.406 4.559E+00 1.409E+04 1.537E+07 2.944E+04 -2.226 0.0000
211   13.312 4.554E+00 1.380E+04 1.552E+07 2.931E+04 -2.218 0.0000
212   13.219 4.528E+00 1.352E+04 1.568E+07 2.924E+04 -2.203 0.0000
213   13.125 4.522E+00 1.324E+04 1.583E+07 2.911E+04 -2.195 0.0000
214   13.031 4.496E+00 1.297E+04 1.598E+07 2.904E+04 -2.179 0.0000
215   12.938 4.471E+00 1.271E+04 1.614E+07 2.897E+04 -2.164 0.0000
216   12.844 4.465E+00 1.245E+04 1.629E+07 2.884E+04 -2.156 0.0000
217   12.750 4.440E+00 1.219E+04 1.645E+07 2.877E+04 -2.141 0.0000
218   12.656 4.435E+00 1.194E+04 1.660E+07 2.864E+04 -2.132 0.0000
219   12.562 4.409E+00 1.169E+04 1.675E+07 2.858E+04 -2.117 0.0000
220   12.469 4.384E+00 1.146E+04 1.691E+07 2.851E+04 -2.102 0.0000
221   12.375 4.379E+00 1.122E+04 1.706E+07 2.838E+04 -2.094 0.0000
222   12.281 4.354E+00 1.099E+04 1.721E+07 2.831E+04 -2.078 0.0000
223   12.188 4.329E+00 1.076E+04 1.737E+07 2.825E+04 -2.063 0.0000
224   12.094 4.319E+00 1.052E+04 1.752E+07 2.812E+04 -2.052 0.0000
225   12.000 4.294E+00 1.030E+04 1.767E+07 2.805E+04 -2.037 0.0000
226   11.906 4.274E+00 1.002E+04 1.804E+07 2.793E+04 -2.022 0.0000
227   11.812 4.255E+00 9.750E+03 1.840E+07 2.780E+04 -2.006 0.0000
228   11.719 4.235E+00 9.484E+03 1.876E+07 2.767E+04 -1.990 0.0000
229   11.625 4.211E+00 9.204E+03 1.912E+07 2.754E+04 -1.972 0.0000
230   11.531 4.191E+00 8.954E+03 1.948E+07 2.742E+04 -1.956 0.0000
231   11.438 4.167E+00 8.690E+03 1.984E+07 2.729E+04 -1.938 0.0000
232   11.344 4.148E+00 8.453E+03 2.020E+07 2.716E+04 -1.923 0.0000
233   11.250 4.124E+00 8.204E+03 2.056E+07 2.704E+04 -1.905 0.0000
234   11.156 4.105E+00 7.980E+03 2.092E+07 2.692E+04 -1.889 0.0000
235   11.062 4.082E+00 7.745E+03 2.129E+07 2.679E+04 -1.871 0.0000
236   10.969 4.063E+00 7.534E+03 2.165E+07 2.667E+04 -1.855 0.0000
237   10.875 4.040E+00 7.311E+03 2.201E+07 2.655E+04 -1.837 0.0000
238   10.781 4.021E+00 7.112E+03 2.237E+07 2.642E+04 -1.821 0.0000
239   10.688 3.998E+00 6.902E+03 2.273E+07 2.630E+04 -1.803 0.0000
240   10.594 3.980E+00 6.714E+03 2.309E+07 2.618E+04 -1.787 0.0000
241   10.500 3.962E+00 6.531E+03 2.345E+07 2.606E+04 -1.772 0.0000
242   10.406 3.943E+00 6.353E+03 2.381E+07 2.594E+04 -1.756 0.0000
243   10.312 3.925E+00 6.180E+03 2.417E+07 2.582E+04 -1.740 0.0000
244   10.219 3.903E+00 5.998E+03 2.454E+07 2.570E+04 -1.722 0.0000
245   10.125 3.885E+00 5.834E+03 2.490E+07 2.559E+04 -1.707 0.0000
246   10.031 3.880E+00 5.662E+03 2.526E+07 2.541E+04 -1.696 0.0000
247    9.938 3.862E+00 5.508E+03 2.562E+07 2.529E+04 -1.680 0.0000
248    9.844 3.845E+00 5.358E+03 2.598E+07 2.518E+04 -1.664 0.0000
249    9.750 3.823E+00 5.200E+03 2.634E+07 2.506E+04 -1.646 0.0000
250    9.656 3.805E+00 5.058E+03 2.670E+07 2.495E+04 -1.630 0.0000
251    9.562 3.783E+00 4.909E+03 2.706E+07 2.483E+04 -1.612 0.0000
252    9.469 3.766E+00 4.775E+03 2.742E+07 2.472E+04 -1.596 0.0000
253    9.375 3.744E+00 4.634E+03 2.779E+07 2.460E+04 -1.578 0.0000
254    9.281 3.727E+00 4.508E+03 2.815E+07 2.449E+04 -1.562 0.0000
255    9.188 3.706E+00 4.375E+03 2.851E+07 2.438E+04 -1.544 0.0000
256    9.094 3.689E+00 4.256E+03 2.887E+07 2.427E+04 -1.528 0.0000
257    9.000 3.672E+00 4.140E+03 2.923E+07 2.415E+04 -1.513 0.0000
258    8.938 3.655E+00 4.027E+03 2.983E+07 2.404E+04 -1.497 0.0000
259    8.875 3.642E+00 3.926E+03 3.043E+07 2.393E+04 -1.484 0.0000
260    8.812 3.630E+00 3.828E+03 3.103E+07 2.382E+04 -1.471 0.0000
261    8.750 3.617E+00 3.733E+03 3.162E+07 2.371E+04 -1.457 0.0000
262    8.688 3.605E+00 3.639E+03 3.222E+07 2.360E+04 -1.444 0.0000
263    8.625 3.592E+00 3.548E+03 3.282E+07 2.350E+04 -1.431 0.0000
264    8.562 3.580E+00 3.459E+03 3.342E+07 2.339E+04 -1.418 0.0000
265    8.500 3.563E+00 3.365E+03 3.402E+07 2.328E+04 -1.402 0.0000
266    8.438 3.547E+00 3.273E+03 3.462E+07 2.317E+04 -1.386 0.0000
267    8.375 3.535E+00 3.192E+03 3.522E+07 2.307E+04 -1.373 0.0000
268    8.312 3.523E+00 3.112E+03 3.582E+07 2.296E+04 -1.359 0.0000
269    8.250 3.510E+00 3.034E+03 3.642E+07 2.286E+04 -1.346 0.0000
270    8.188 3.482E+00 2.958E+03 3.701E+07 2.280E+04 -1.326 0.0000
271    8.125 3.470E+00 2.884E+03 3.761E+07 2.270E+04 -1.313 0.0000
272    8.062 3.458E+00 2.812E+03 3.821E+07 2.259E+04 -1.299 0.0000
273    8.000 3.442E+00 2.735E+03 3.881E+07 2.249E+04 -1.283 0.0000
274    7.938 3.411E+00 2.661E+03 3.941E+07 2.244E+04 -1.261 0.0000
275    7.875 3.399E+00 2.594E+03 4.001E+07 2.234E+04 -1.247 0.0000
276    7.812 3.387E+00 2.529E+03 4.061E+07 2.223E+04 -1.234 0.0000
277    7.750 3.376E+00 2.466E+03 4.121E+07 2.213E+04 -1.221 0.0000
278    7.688 3.364E+00 2.404E+03 4.180E+07 2.203E+04 -1.207 0.0000
279    7.625 3.352E+00 2.344E+03 4.240E+07 2.193E+04 -1.194 0.0000
280    7.562 3.341E+00 2.286E+03 4.300E+07 2.183E+04 -1.181 0.0000
281    7.500 3.326E+00 2.223E+03 4.360E+07 2.173E+04 -1.165 0.0000
282    7.438 3.310E+00 2.163E+03 4.420E+07 2.163E+04 -1.149 0.0000
283    7.375 3.299E+00 2.109E+03 4.480E+07 2.153E+04 -1.136 0.0000
284    7.312 3.287E+00 2.056E+03 4.540E+07 2.143E+04 -1.123 0.0000
285    7.250 3.276E+00 2.004E+03 4.600E+07 2.133E+04 -1.109 0.0000
286    7.188 3.265E+00 1.954E+03 4.660E+07 2.123E+04 -1.096 0.0000
287    7.125 3.254E+00 1.905E+03 4.719E+07 2.113E+04 -1.083 0.0000
288    7.062 3.239E+00 1.854E+03 4.779E+07 2.104E+04 -1.067 0.0000
289    7.000 3.227E+00 1.807E+03 4.839E+07 2.094E+04 -1.053 0.0000
290    6.938 3.213E+00 1.742E+03 5.027E+07 2.080E+04 -1.035 0.0000
291    6.875 3.198E+00 1.679E+03 5.215E+07 2.065E+04 -1.016 0.0000
292    6.812 3.183E+00 1.618E+03 5.402E+07 2.051E+04 -0.997 0.0000
293    6.750 3.150E+00 1.556E+03 5.590E+07 2.042E+04 -0.969 0.0000
294    6.688 3.136E+00 1.500E+03 5.778E+07 2.028E+04 -0.950 0.0000
295    6.625 3.121E+00 1.445E+03 5.965E+07 2.014E+04 -0.931 0.0000
296    6.562 3.093E+00 1.393E+03 6.153E+07 2.004E+04 -0.905 0.0000
297    6.500 3.079E+00 1.343E+03 6.341E+07 1.991E+04 -0.886 0.0000
298    6.438 3.065E+00 1.294E+03 6.528E+07 1.977E+04 -0.867 0.0000
299    6.375 3.047E+00 1.245E+03 6.716E+07 1.963E+04 -0.846 0.0000
300    6.312 3.033E+00 1.199E+03 6.904E+07 1.950E+04 -0.827 0.0000
301    6.250 3.005E+00 1.156E+03 7.091E+07 1.941E+04 -0.801 0.0000
302    6.188 2.978E+00 1.114E+03 7.279E+07 1.932E+04 -0.775 0.0000
303    6.125 2.964E+00 1.074E+03 7.467E+07 1.919E+04 -0.757 0.0000
304    6.062 2.950E+00 1.035E+03 7.655E+07 1.905E+04 -0.738 0.0000
305    6.000 2.920E+00 9.954E+02 7.842E+07 1.897E+04 -0.709 0.0000
306    5.938 2.893E+00 9.594E+02 8.030E+07 1.888E+04 -0.683 0.0000
307    5.875 2.880E+00 9.247E+02 8.218E+07 1.875E+04 -0.664 0.0000
308    5.812 2.867E+00 8.913E+02 8.405E+07 1.862E+04 -0.645 0.0000
309    5.750 2.840E+00 8.590E+02 8.593E+07 1.854E+04 -0.619 0.0000
310    5.688 2.814E+00 8.279E+02 8.781E+07 1.845E+04 -0.593 0.0000
311    5.625 2.798E+00 7.962E+02 8.968E+07 1.832E+04 -0.572 0.0000
312    5.562 2.785E+00 7.674E+02 9.156E+07 1.820E+04 -0.553 0.0000
313    5.500 2.772E+00 7.396E+02 9.344E+07 1.807E+04 -0.534 0.0000
314    5.438 2.760E+00 7.129E+02 9.532E+07 1.795E+04 -0.515 0.0000
315    5.375 2.734E+00 6.871E+02 9.719E+07 1.786E+04 -0.489 0.0000
316    5.312 2.722E+00 6.622E+02 9.907E+07 1.774E+04 -0.470 0.0000
317    5.250 2.706E+00 6.368E+02 1.009E+08 1.762E+04 -0.449 0.0000
318    5.188 2.681E+00 6.138E+02 1.028E+08 1.754E+04 -0.423 0.0000
319    5.125 2.669E+00 5.916E+02 1.047E+08 1.742E+04 -0.404 0.0000
320    5.062 2.657E+00 5.702E+02 1.066E+08 1.730E+04 -0.384 0.0000
321    5.000 2.645E+00 5.495E+02 1.085E+08 1.718E+04 -0.365 0.0000
322    4.969 2.632E+00 5.346E+02 1.111E+08 1.710E+04 -0.349 0.0000
323    4.938 2.623E+00 5.212E+02 1.138E+08 1.702E+04 -0.336 0.0000
324    4.906 2.614E+00 5.082E+02 1.165E+08 1.694E+04 -0.322 0.0000
325    4.875 2.605E+00 4.955E+02 1.192E+08 1.687E+04 -0.309 0.0000
326    4.844 2.596E+00 4.831E+02 1.219E+08 1.679E+04 -0.295 0.0000
327    4.812 2.587E+00 4.710E+02 1.245E+08 1.671E+04 -0.282 0.0000
328    4.781 2.578E+00 4.592E+02 1.272E+08 1.663E+04 -0.268 0.0000
329    4.750 2.570E+00 4.477E+02 1.299E+08 1.656E+04 -0.254 0.0000
330    4.719 2.558E+00 4.355E+02 1.326E+08 1.648E+04 -0.238 0.0000
331    4.688 2.549E+00 4.246E+02 1.353E+08 1.641E+04 -0.225 0.0000
332    4.656 2.540E+00 4.140E+02 1.380E+08 1.633E+04 -0.211 0.0000
333    4.625 2.531E+00 4.036E+02 1.406E+08 1.626E+04 -0.198 0.0000
334    4.594 2.523E+00 3.936E+02 1.433E+08 1.618E+04 -0.184 0.0000
335    4.562 2.514E+00 3.837E+02 1.460E+08 1.611E+04 -0.170 0.0000
336    4.531 2.494E+00 3.741E+02 1.487E+08 1.607E+04 -0.150 0.0000
337    4.500 2.485E+00 3.648E+02 1.514E+08 1.600E+04 -0.136 0.0000
338    4.469 2.474E+00 3.548E+02 1.541E+08 1.592E+04 -0.120 0.0000
339    4.438 2.465E+00 3.459E+02 1.567E+08 1.585E+04 -0.106 0.0000
340    4.406 2.457E+00 3.373E+02 1.594E+08 1.578E+04 -0.093 0.0000
341    4.375 2.437E+00 3.289E+02 1.621E+08 1.574E+04 -0.072 0.0000
342    4.344 2.429E+00 3.206E+02 1.648E+08 1.567E+04 -0.059 0.0000
343    4.312 2.420E+00 3.126E+02 1.675E+08 1.560E+04 -0.045 0.0000
344    4.281 2.412E+00 3.048E+02 1.701E+08 1.552E+04 -0.031 0.0000
345    4.250 2.404E+00 2.972E+02 1.728E+08 1.545E+04 -0.018 0.0000
346    4.219 2.395E+00 2.897E+02 1.755E+08 1.538E+04 -0.004 0.0000
347    4.188 2.387E+00 2.825E+02 1.782E+08 1.531E+04  0.010 0.0000
348    4.156 2.379E+00 2.754E+02 1.809E+08 1.524E+04  0.023 0.0000
349    4.125 2.371E+00 2.685E+02 1.836E+08 1.517E+04  0.037 0.0000
350    4.094 2.362E+00 2.618E+02 1.862E+08 1.510E+04  0.051 0.0000
351    4.062 2.354E+00 2.553E+02 1.889E+08 1.503E+04  0.065 0.0000
352    4.031 2.346E+00 2.489E+02 1.916E+08 1.496E+04  0.078 0.0000
353    4.000 2.338E+00 2.427E+02 1.943E+08 1.489E+04  0.092 0.0000
354    3.969 2.330E+00 2.344E+02 2.020E+08 1.479E+04  0.109 0.0000
355    3.938 2.311E+00 2.265E+02 2.097E+08 1.472E+04  0.133 0.0000
356    3.906 2.303E+00 2.188E+02 2.174E+08 1.462E+04  0.149 0.0000
357    3.875 2.295E+00 2.113E+02 2.251E+08 1.452E+04  0.166 0.0000
358    3.844 2.277E+00 2.042E+02 2.328E+08 1.445E+04  0.190 0.0000
359    3.812 2.272E+00 1.977E+02 2.405E+08 1.435E+04  0.204 0.0000
360    3.781 2.264E+00 1.910E+02 2.482E+08 1.426E+04  0.221 0.0000
361    3.750 2.256E+00 1.845E+02 2.558E+08 1.416E+04  0.238 0.0000
362    3.719 2.251E+00 1.786E+02 2.635E+08 1.406E+04  0.253 0.0000
363    3.688 2.233E+00 1.726E+02 2.712E+08 1.400E+04  0.276 0.0000
364    3.656 2.225E+00 1.667E+02 2.789E+08 1.390E+04  0.293 0.0000
365    3.625 2.217E+00 1.611E+02 2.866E+08 1.380E+04  0.310 0.0000
366    3.594 2.200E+00 1.556E+02 2.943E+08 1.374E+04  0.334 0.0000
367    3.562 2.192E+00 1.503E+02 3.020E+08 1.365E+04  0.351 0.0000
368    3.531 2.185E+00 1.452E+02 3.097E+08 1.355E+04  0.368 0.0000
369    3.500 2.167E+00 1.403E+02 3.174E+08 1.349E+04  0.392 0.0000
370    3.469 2.160E+00 1.355E+02 3.251E+08 1.340E+04  0.409 0.0000
371    3.438 2.145E+00 1.312E+02 3.328E+08 1.334E+04  0.430 0.0000
372    3.406 2.137E+00 1.268E+02 3.405E+08 1.324E+04  0.447 0.0000
373    3.375 2.130E+00 1.225E+02 3.482E+08 1.315E+04  0.465 0.0000
374    3.344 2.113E+00 1.183E+02 3.559E+08 1.309E+04  0.488 0.0000
375    3.312 2.106E+00 1.143E+02 3.636E+08 1.300E+04  0.506 0.0000
376    3.281 2.089E+00 1.104E+02 3.713E+08 1.294E+04  0.529 0.0000
377    3.250 2.081E+00 1.067E+02 3.790E+08 1.285E+04  0.547 0.0000
378    3.219 2.074E+00 1.030E+02 3.867E+08 1.276E+04  0.564 0.0000
379    3.188 2.058E+00 9.954E+01 3.944E+08 1.271E+04  0.588 0.0000
380    3.156 2.051E+00 9.616E+01 4.021E+08 1.262E+04  0.605 0.0000
381    3.125 2.036E+00 9.311E+01 4.098E+08 1.256E+04  0.626 0.0000
382    3.094 2.029E+00 8.995E+01 4.174E+08 1.247E+04  0.643 0.0000
383    3.062 2.013E+00 8.690E+01 4.251E+08 1.242E+04  0.667 0.0000
384    3.031 2.006E+00 8.395E+01 4.328E+08 1.233E+04  0.685 0.0000
385    3.000 1.999E+00 8.110E+01 4.405E+08 1.225E+04  0.702 0.0000
386    2.984 1.995E+00 7.925E+01 4.504E+08 1.219E+04  0.713 0.0000
387    2.969 1.983E+00 7.762E+01 4.603E+08 1.216E+04  0.729 0.0000
388    2.954 1.979E+00 7.586E+01 4.702E+08 1.211E+04  0.741 0.0000
389    2.938 1.974E+00 7.413E+01 4.801E+08 1.205E+04  0.752 0.0000
390    2.922 1.970E+00 7.244E+01 4.900E+08 1.199E+04  0.764 0.0000
391    2.906 1.956E+00 7.079E+01 4.999E+08 1.197E+04  0.782 0.0000
392    2.891 1.954E+00 6.934E+01 5.098E+08 1.191E+04  0.791 0.0000
393    2.875 1.949E+00 6.776E+01 5.197E+08 1.186E+04  0.803 0.0000
394    2.859 1.945E+00 6.622E+01 5.296E+08 1.180E+04  0.814 0.0000
395    2.844 1.934E+00 6.486E+01 5.394E+08 1.178E+04  0.830 0.0000
396    2.828 1.929E+00 6.339E+01 5.493E+08 1.172E+04  0.841 0.0000
397    2.812 1.927E+00 6.209E+01 5.592E+08 1.167E+04  0.851 0.0000
398    2.796 1.925E+00 6.081E+01 5.691E+08 1.161E+04  0.860 0.0000
399    2.781 1.920E+00 5.943E+01 5.790E+08 1.156E+04  0.871 0.0000
400    2.766 1.907E+00 5.808E+01 5.889E+08 1.153E+04  0.889 0.0000
401    2.750 1.903E+00 5.675E+01 5.988E+08 1.148E+04  0.901 0.0000
402    2.734 1.898E+00 5.546E+01 6.087E+08 1.143E+04  0.913 0.0000
403    2.719 1.896E+00 5.433E+01 6.186E+08 1.138E+04  0.922 0.0000
404    2.704 1.892E+00 5.309E+01 6.285E+08 1.132E+04  0.933 0.0000
405    2.688 1.881E+00 5.200E+01 6.384E+08 1.130E+04  0.949 0.0000
406    2.672 1.877E+00 5.082E+01 6.483E+08 1.125E+04  0.961 0.0000
407    2.656 1.872E+00 4.966E+01 6.581E+08 1.119E+04  0.973 0.0000
408    2.641 1.861E+00 4.864E+01 6.680E+08 1.117E+04  0.988 0.0000
409    2.625 1.857E+00 4.753E+01 6.779E+08 1.112E+04  1.000 0.0000
410    2.609 1.853E+00 4.645E+01 6.878E+08 1.107E+04  1.012 0.0000
411    2.594 1.849E+00 4.539E+01 6.977E+08 1.102E+04  1.023 0.0000
412    2.578 1.847E+00 4.446E+01 7.076E+08 1.096E+04  1.033 0.0000
413    2.562 1.834E+00 4.345E+01 7.175E+08 1.094E+04  1.051 0.0000
414    2.546 1.830E+00 4.246E+01 7.274E+08 1.089E+04  1.063 0.0000
415    2.531 1.828E+00 4.159E+01 7.373E+08 1.084E+04  1.072 0.0000
416    2.516 1.825E+00 4.074E+01 7.472E+08 1.079E+04  1.081 0.0000
417    2.500 1.821E+00 3.981E+01 7.571E+08 1.074E+04  1.093 0.0000
418    2.484 1.811E+00 3.864E+01 7.775E+08 1.069E+04  1.112 0.0000
419    2.469 1.811E+00 3.758E+01 7.979E+08 1.062E+04  1.122 0.0000
420    2.454 1.802E+00 3.656E+01 8.184E+08 1.057E+04  1.139 0.0000
421    2.438 1.794E+00 3.556E+01 8.388E+08 1.052E+04  1.156 0.0000
422    2.422 1.786E+00 3.459E+01 8.593E+08 1.047E+04  1.172 0.0000
423    2.406 1.784E+00 3.357E+01 8.797E+08 1.040E+04  1.185 0.0000
424    2.391 1.776E+00 3.266E+01 9.002E+08 1.035E+04  1.202 0.0000
425    2.375 1.768E+00 3.177E+01 9.206E+08 1.030E+04  1.219 0.0000
426    2.359 1.759E+00 3.090E+01 9.410E+08 1.026E+04  1.235 0.0000
427    2.344 1.751E+00 3.006E+01 9.615E+08 1.021E+04  1.252 0.0000
428    2.328 1.741E+00 2.917E+01 9.819E+08 1.016E+04  1.272 0.0000
429    2.312 1.741E+00 2.838E+01 1.002E+09 1.009E+04  1.282 0.0000
430    2.296 1.733E+00 2.761E+01 1.023E+09 1.005E+04  1.299 0.0000
431    2.281 1.725E+00 2.685E+01 1.043E+09 1.000E+04  1.316 0.0000
432    2.266 1.717E+00 2.612E+01 1.064E+09 9.954E+03  1.332 0.0000
433    2.250 1.717E+00 2.541E+01 1.084E+09 9.886E+03  1.343 0.0000
434    2.234 1.708E+00 2.466E+01 1.105E+09 9.840E+03  1.362 0.0000
435    2.219 1.708E+00 2.399E+01 1.125E+09 9.772E+03  1.373 0.0000
436    2.204 1.700E+00 2.333E+01 1.145E+09 9.727E+03  1.389 0.0000
437    2.188 1.692E+00 2.270E+01 1.166E+09 9.683E+03  1.406 0.0000
438    2.172 1.684E+00 2.208E+01 1.186E+09 9.638E+03  1.423 0.0000
439    2.156 1.682E+00 2.143E+01 1.207E+09 9.572E+03  1.436 0.0000
440    2.141 1.674E+00 2.084E+01 1.227E+09 9.528E+03  1.453 0.0000
441    2.125 1.667E+00 2.028E+01 1.248E+09 9.484E+03  1.470 0.0000
442    2.109 1.659E+00 1.972E+01 1.268E+09 9.441E+03  1.487 0.0000
443    2.094 1.651E+00 1.919E+01 1.289E+09 9.397E+03  1.504 0.0000
444    2.078 1.642E+00 1.862E+01 1.309E+09 9.354E+03  1.524 0.0000
445    2.062 1.642E+00 1.811E+01 1.329E+09 9.290E+03  1.534 0.0000
446    2.046 1.642E+00 1.762E+01 1.350E+09 9.226E+03  1.545 0.0000
447    2.031 1.634E+00 1.714E+01 1.370E+09 9.183E+03  1.562 0.0000
448    2.016 1.627E+00 1.667E+01 1.391E+09 9.141E+03  1.579 0.0000
449    2.000 1.625E+00 1.618E+01 1.411E+09 9.078E+03  1.592 0.0000
450    1.990 1.623E+00 1.585E+01 1.428E+09 9.036E+03  1.602 0.0000
451    1.981 1.621E+00 1.552E+01 1.444E+09 8.995E+03  1.611 0.0000
452    1.971 1.619E+00 1.521E+01 1.460E+09 8.954E+03  1.621 0.0000
453    1.962 1.618E+00 1.489E+01 1.477E+09 8.913E+03  1.630 0.0000
454    1.953 1.608E+00 1.459E+01 1.493E+09 8.892E+03  1.646 0.0000
455    1.944 1.606E+00 1.429E+01 1.510E+09 8.851E+03  1.656 0.0000
456    1.934 1.605E+00 1.400E+01 1.526E+09 8.810E+03  1.666 0.0000
457    1.925 1.601E+00 1.368E+01 1.543E+09 8.770E+03  1.678 0.0000
458    1.915 1.599E+00 1.340E+01 1.559E+09 8.730E+03  1.687 0.0000
459    1.906 1.597E+00 1.312E+01 1.575E+09 8.690E+03  1.697 0.0000
460    1.897 1.588E+00 1.285E+01 1.592E+09 8.670E+03  1.713 0.0000
461    1.888 1.586E+00 1.259E+01 1.608E+09 8.630E+03  1.723 0.0000
462    1.878 1.583E+00 1.230E+01 1.625E+09 8.590E+03  1.735 0.0000
463    1.869 1.581E+00 1.205E+01 1.641E+09 8.551E+03  1.745 0.0000
464    1.859 1.579E+00 1.180E+01 1.657E+09 8.511E+03  1.755 0.0000
465    1.850 1.570E+00 1.156E+01 1.674E+09 8.492E+03  1.771 0.0000
466    1.840 1.568E+00 1.132E+01 1.690E+09 8.453E+03  1.780 0.0000
467    1.831 1.566E+00 1.109E+01 1.707E+09 8.414E+03  1.790 0.0000
468    1.822 1.557E+00 1.086E+01 1.723E+09 8.395E+03  1.806 0.0000
469    1.812 1.555E+00 1.064E+01 1.739E+09 8.356E+03  1.816 0.0000
470    1.803 1.554E+00 1.042E+01 1.756E+09 8.318E+03  1.826 0.0000
471    1.793 1.550E+00 1.019E+01 1.772E+09 8.279E+03  1.838 0.0000
472    1.784 1.548E+00 9.977E+00 1.789E+09 8.241E+03  1.848 0.0000
473    1.775 1.539E+00 9.772E+00 1.805E+09 8.222E+03  1.864 0.0000
474    1.766 1.538E+00 9.572E+00 1.822E+09 8.185E+03  1.874 0.0000
475    1.756 1.536E+00 9.376E+00 1.838E+09 8.147E+03  1.884 0.0000
476    1.747 1.532E+00 9.162E+00 1.854E+09 8.110E+03  1.896 0.0000
477    1.737 1.524E+00 8.974E+00 1.871E+09 8.091E+03  1.912 0.0000
478    1.728 1.513E+00 8.770E+00 1.887E+09 8.072E+03  1.931 0.0000
479    1.719 1.511E+00 8.590E+00 1.904E+09 8.035E+03  1.941 0.0000
480    1.710 1.510E+00 8.414E+00 1.920E+09 7.998E+03  1.951 0.0000
481    1.700 1.508E+00 8.241E+00 1.936E+09 7.962E+03  1.961 0.0000
482    1.694 1.501E+00 8.091E+00 1.967E+09 7.943E+03  1.974 0.0000
483    1.688 1.503E+00 7.962E+00 1.997E+09 7.907E+03  1.979 0.0000
484    1.681 1.504E+00 7.834E+00 2.028E+09 7.870E+03  1.984 0.0000
485    1.675 1.497E+00 7.691E+00 2.058E+09 7.852E+03  1.998 0.0000
486    1.668 1.497E+00 7.551E+00 2.089E+09 7.816E+03  2.005 0.0000
487    1.662 1.492E+00 7.430E+00 2.119E+09 7.798E+03  2.017 0.0000
488    1.656 1.485E+00 7.295E+00 2.150E+09 7.780E+03  2.030 0.0000
489    1.650 1.487E+00 7.178E+00 2.180E+09 7.745E+03  2.035 0.0000
490    1.644 1.482E+00 7.063E+00 2.210E+09 7.727E+03  2.046 0.0000
491    1.638 1.482E+00 6.934E+00 2.241E+09 7.691E+03  2.054 0.0000
492    1.632 1.482E+00 6.808E+00 2.271E+09 7.656E+03  2.061 0.0000
493    1.625 1.477E+00 6.699E+00 2.302E+09 7.638E+03  2.073 0.0000
494    1.618 1.470E+00 6.577E+00 2.332E+09 7.621E+03  2.087 0.0000
495    1.612 1.472E+00 6.471E+00 2.363E+09 7.586E+03  2.092 0.0000
496    1.606 1.472E+00 6.353E+00 2.393E+09 7.551E+03  2.099 0.0000
497    1.600 1.467E+00 6.252E+00 2.424E+09 7.534E+03  2.110 0.0000
498    1.594 1.468E+00 6.152E+00 2.454E+09 7.499E+03  2.115 0.0000
499    1.588 1.462E+00 6.039E+00 2.484E+09 7.482E+03  2.129 0.0000
500    1.582 1.455E+00 5.929E+00 2.515E+09 7.464E+03  2.143 0.0000
501    1.575 1.457E+00 5.834E+00 2.545E+09 7.430E+03  2.148 0.0000
502    1.569 1.450E+00 5.728E+00 2.576E+09 7.413E+03  2.162 0.0000
503    1.562 1.452E+00 5.636E+00 2.606E+09 7.379E+03  2.167 0.0000
504    1.556 1.452E+00 5.534E+00 2.637E+09 7.345E+03  2.175 0.0000
505    1.550 1.453E+00 5.445E+00 2.667E+09 7.311E+03  2.180 0.0000
506    1.543 1.447E+00 5.346E+00 2.698E+09 7.295E+03  2.194 0.0000
507    1.537 1.448E+00 5.260E+00 2.728E+09 7.261E+03  2.199 0.0000
508    1.531 1.448E+00 5.164E+00 2.759E+09 7.228E+03  2.206 0.0000
509    1.525 1.443E+00 5.082E+00 2.789E+09 7.211E+03  2.218 0.0000
510    1.519 1.438E+00 5.000E+00 2.819E+09 7.194E+03  2.229 0.0000
511    1.513 1.438E+00 4.909E+00 2.850E+09 7.161E+03  2.237 0.0000
512    1.507 1.438E+00 4.819E+00 2.880E+09 7.129E+03  2.244 0.0000
513    1.500 1.433E+00 4.742E+00 2.911E+09 7.112E+03  2.256 0.0000
514    1.492 1.427E+00 4.613E+00 2.994E+09 7.079E+03  2.274 0.0000
515    1.484 1.415E+00 4.498E+00 3.078E+09 7.063E+03  2.295 0.0000
516    1.477 1.404E+00 4.385E+00 3.162E+09 7.047E+03  2.316 0.0000
517    1.469 1.399E+00 4.276E+00 3.246E+09 7.015E+03  2.332 0.0000
518    1.461 1.394E+00 4.169E+00 3.329E+09 6.982E+03  2.347 0.0000
519    1.454 1.383E+00 4.064E+00 3.413E+09 6.966E+03  2.368 0.0000
520    1.446 1.377E+00 3.954E+00 3.497E+09 6.934E+03  2.386 0.0000
521    1.438 1.366E+00 3.855E+00 3.580E+09 6.918E+03  2.407 0.0000
522    1.430 1.355E+00 3.758E+00 3.664E+09 6.902E+03  2.429 0.0000
523    1.422 1.349E+00 3.656E+00 3.748E+09 6.871E+03  2.447 0.0000
524    1.414 1.344E+00 3.565E+00 3.831E+09 6.839E+03  2.462 0.0000
525    1.406 1.333E+00 3.475E+00 3.915E+09 6.823E+03  2.483 0.0000
526    1.398 1.328E+00 3.388E+00 3.999E+09 6.792E+03  2.499 0.0000
527    1.391 1.318E+00 3.304E+00 4.082E+09 6.776E+03  2.520 0.0000
528    1.383 1.307E+00 3.221E+00 4.166E+09 6.761E+03  2.542 0.0000
529    1.375 1.301E+00 3.133E+00 4.250E+09 6.730E+03  2.560 0.0000
530    1.367 1.291E+00 3.055E+00 4.334E+09 6.714E+03  2.581 0.0000
531    1.359 1.280E+00 2.979E+00 4.417E+09 6.699E+03  2.603 0.0000
532    1.352 1.270E+00 2.904E+00 4.501E+09 6.683E+03  2.624 0.0000
533    1.344 1.266E+00 2.831E+00 4.585E+09 6.653E+03  2.639 0.0000
534    1.336 1.261E+00 2.761E+00 4.668E+09 6.622E+03  2.655 0.0000
535    1.328 1.251E+00 2.692E+00 4.752E+09 6.607E+03  2.676 0.0000
536    1.320 1.240E+00 2.618E+00 4.836E+09 6.592E+03  2.700 0.0000
537    1.312 1.236E+00 2.553E+00 4.919E+09 6.561E+03  2.716 0.0000
538    1.304 1.224E+00 2.483E+00 5.003E+09 6.546E+03  2.740 0.0000
539    1.296 1.220E+00 2.421E+00 5.087E+09 6.516E+03  2.755 0.0000
540    1.289 1.216E+00 2.360E+00 5.170E+09 6.486E+03  2.771 0.0000
541    1.281 1.206E+00 2.301E+00 5.254E+09 6.471E+03  2.792 0.0000
542    1.273 1.196E+00 2.244E+00 5.338E+09 6.457E+03  2.814 0.0000
543    1.266 1.192E+00 2.188E+00 5.422E+09 6.427E+03  2.829 0.0000
544    1.258 1.188E+00 2.133E+00 5.505E+09 6.397E+03  2.845 0.0000
545    1.250 1.177E+00 2.075E+00 5.589E+09 6.383E+03  2.869 0.0000
546    1.242 1.168E+00 2.004E+00 5.798E+09 6.353E+03  2.895 0.0000
547    1.234 1.158E+00 1.936E+00 6.006E+09 6.324E+03  2.920 0.0000
548    1.227 1.144E+00 1.871E+00 6.215E+09 6.310E+03  2.952 0.0000
549    1.219 1.135E+00 1.807E+00 6.424E+09 6.281E+03  2.977 0.0000
550    1.211 1.126E+00 1.746E+00 6.633E+09 6.252E+03  3.003 0.0000
551    1.204 1.117E+00 1.687E+00 6.842E+09 6.223E+03  3.029 0.0000
552    1.196 1.108E+00 1.629E+00 7.050E+09 6.194E+03  3.054 0.0000
553    1.188 1.094E+00 1.574E+00 7.259E+09 6.180E+03  3.086 0.0000
554    1.180 1.085E+00 1.521E+00 7.468E+09 6.152E+03  3.112 0.0000
555    1.172 1.076E+00 1.469E+00 7.677E+09 6.124E+03  3.137 0.0000
556    1.164 1.067E+00 1.419E+00 7.885E+09 6.095E+03  3.163 0.0000
557    1.156 1.054E+00 1.371E+00 8.094E+09 6.081E+03  3.195 0.0000
558    1.148 1.041E+00 1.324E+00 8.303E+09 6.067E+03  3.226 0.0000
559    1.141 1.032E+00 1.279E+00 8.512E+09 6.039E+03  3.252 0.0000
560    1.133 1.019E+00 1.236E+00 8.721E+09 6.026E+03  3.284 0.0000
561    1.125 1.011E+00 1.194E+00 8.929E+09 5.998E+03  3.310 0.0000
562    1.117 1.003E+00 1.153E+00 9.138E+09 5.970E+03  3.335 0.0000
563    1.109 9.951E-01 1.114E+00 9.347E+09 5.943E+03  3.361 0.0000
564    1.102 9.826E-01 1.076E+00 9.556E+09 5.929E+03  3.393 0.0000
565    1.094 9.747E-01 1.040E+00 9.764E+09 5.902E+03  3.419 0.0000
566    1.086 9.669E-01 1.005E+00 9.973E+09 5.875E+03  3.445 0.0000
567    1.078 9.547E-01 9.705E-01 1.018E+10 5.861E+03  3.476 0.0000
568    1.070 9.427E-01 9.376E-01 1.039E+10 5.848E+03  3.508 0.0000
569    1.062 9.351E-01 9.057E-01 1.060E+10 5.821E+03  3.534 0.0000
570    1.054 9.276E-01 8.750E-01 1.081E+10 5.794E+03  3.560 0.0000
571    1.046 9.159E-01 8.453E-01 1.102E+10 5.781E+03  3.592 0.0000
572    1.039 9.086E-01 8.166E-01 1.123E+10 5.754E+03  3.618 0.0000
573    1.031 9.013E-01 7.889E-01 1.143E+10 5.728E+03  3.644 0.0000
574    1.023 8.940E-01 7.621E-01 1.164E+10 5.702E+03  3.670 0.0000
575    1.016 8.828E-01 7.362E-01 1.185E+10 5.689E+03  3.701 0.0000
576    1.008 8.757E-01 7.112E-01 1.206E+10 5.662E+03  3.727 0.0000
577    1.000 8.687E-01 6.871E-01 1.227E+10 5.636E+03  3.753 0.0000
578    0.997 8.647E-01 6.745E-01 1.243E+10 5.623E+03  3.768 0.0000
579    0.994 8.617E-01 6.637E-01 1.259E+10 5.610E+03  3.779 0.0000
580    0.991 8.587E-01 6.531E-01 1.275E+10 5.598E+03  3.791 0.0000
581    0.988 8.558E-01 6.427E-01 1.292E+10 5.585E+03  3.803 0.0000
582    0.985 8.489E-01 6.324E-01 1.308E+10 5.585E+03  3.821 0.0000
583    0.982 8.460E-01 6.223E-01 1.324E+10 5.572E+03  3.832 0.0000
584    0.979 8.421E-01 6.109E-01 1.340E+10 5.559E+03  3.847 0.0000
585    0.975 8.392E-01 6.012E-01 1.356E+10 5.546E+03  3.858 0.0000
586    0.972 8.363E-01 5.916E-01 1.372E+10 5.534E+03  3.870 0.0000
587    0.969 8.325E-01 5.808E-01 1.389E+10 5.521E+03  3.885 0.0000
588    0.965 8.296E-01 5.715E-01 1.405E+10 5.508E+03  3.896 0.0000
589    0.962 8.267E-01 5.623E-01 1.421E+10 5.495E+03  3.908 0.0000
590    0.959 8.229E-01 5.521E-01 1.437E+10 5.483E+03  3.923 0.0000
591    0.956 8.201E-01 5.433E-01 1.453E+10 5.470E+03  3.934 0.0000
592    0.953 8.135E-01 5.346E-01 1.469E+10 5.470E+03  3.952 0.0000
593    0.950 8.107E-01 5.260E-01 1.485E+10 5.458E+03  3.964 0.0000
594    0.947 8.079E-01 5.176E-01 1.502E+10 5.445E+03  3.976 0.0000
595    0.944 8.051E-01 5.093E-01 1.518E+10 5.433E+03  3.987 0.0000
596    0.941 8.014E-01 5.000E-01 1.534E+10 5.420E+03  4.002 0.0000
597    0.938 7.987E-01 4.920E-01 1.550E+10 5.408E+03  4.014 0.0000
598    0.935 7.959E-01 4.842E-01 1.566E+10 5.395E+03  4.025 0.0000
599    0.932 7.922E-01 4.753E-01 1.582E+10 5.383E+03  4.040 0.0000
600    0.928 7.859E-01 4.677E-01 1.599E+10 5.383E+03  4.057 0.0000
601    0.925 7.832E-01 4.603E-01 1.615E+10 5.370E+03  4.069 0.0000
602    0.922 7.769E-01 4.529E-01 1.631E+10 5.370E+03  4.087 0.0000
603    0.919 7.742E-01 4.457E-01 1.647E+10 5.358E+03  4.099 0.0000
604    0.916 7.715E-01 4.385E-01 1.663E+10 5.346E+03  4.110 0.0000
605    0.913 7.689E-01 4.315E-01 1.679E+10 5.333E+03  4.122 0.0000
606    0.910 7.662E-01 4.246E-01 1.696E+10 5.321E+03  4.134 0.0000
607    0.906 7.592E-01 4.169E-01 1.712E+10 5.321E+03  4.154 0.0000
608    0.903 7.566E-01 4.102E-01 1.728E+10 5.309E+03  4.166 0.0000
609    0.900 7.540E-01 4.036E-01 1.744E+10 5.297E+03  4.178 0.0000
610    0.896 7.549E-01 3.972E-01 1.768E+10 5.272E+03  4.184 0.0000
611    0.893 7.522E-01 3.908E-01 1.791E+10 5.260E+03  4.196 0.0000
612    0.890 7.497E-01 3.846E-01 1.815E+10 5.248E+03  4.208 0.0000
613    0.887 7.479E-01 3.793E-01 1.839E+10 5.236E+03  4.218 0.0000
614    0.884 7.454E-01 3.733E-01 1.863E+10 5.224E+03  4.230 0.0000
615    0.881 7.436E-01 3.681E-01 1.886E+10 5.212E+03  4.239 0.0000
616    0.878 7.411E-01 3.622E-01 1.910E+10 5.200E+03  4.251 0.0000
617    0.875 7.385E-01 3.565E-01 1.934E+10 5.188E+03  4.263 0.0000
618    0.872 7.360E-01 3.508E-01 1.957E+10 5.176E+03  4.275 0.0000
619    0.869 7.334E-01 3.451E-01 1.981E+10 5.164E+03  4.287 0.0000
620    0.866 7.309E-01 3.396E-01 2.005E+10 5.152E+03  4.299 0.0000
621    0.863 7.284E-01 3.342E-01 2.029E+10 5.140E+03  4.311 0.0000
622    0.860 7.267E-01 3.296E-01 2.052E+10 5.129E+03  4.320 0.0000
623    0.857 7.275E-01 3.243E-01 2.076E+10 5.105E+03  4.327 0.0000
624    0.854 7.250E-01 3.192E-01 2.100E+10 5.093E+03  4.339 0.0000
625    0.850 7.225E-01 3.141E-01 2.123E+10 5.082E+03  4.351 0.0000
626    0.847 7.209E-01 3.097E-01 2.147E+10 5.070E+03  4.360 0.0000
627    0.844 7.184E-01 3.048E-01 2.171E+10 5.058E+03  4.372 0.0000
628    0.840 7.159E-01 2.999E-01 2.195E+10 5.047E+03  4.384 0.0000
629    0.837 7.167E-01 2.951E-01 2.218E+10 5.023E+03  4.391 0.0000
630    0.834 7.143E-01 2.904E-01 2.242E+10 5.012E+03  4.403 0.0000
631    0.831 7.118E-01 2.858E-01 2.266E+10 5.000E+03  4.415 0.0000
632    0.828 7.094E-01 2.812E-01 2.289E+10 4.989E+03  4.427 0.0000
633    0.825 7.077E-01 2.773E-01 2.313E+10 4.977E+03  4.436 0.0000
634    0.822 7.053E-01 2.729E-01 2.337E+10 4.966E+03  4.449 0.0000
635    0.818 7.028E-01 2.685E-01 2.361E+10 4.955E+03  4.461 0.0000
636    0.815 7.004E-01 2.642E-01 2.384E+10 4.943E+03  4.473 0.0000
637    0.812 7.020E-01 2.606E-01 2.408E+10 4.920E+03  4.477 0.0000
638    0.809 6.996E-01 2.564E-01 2.432E+10 4.909E+03  4.489 0.0000
639    0.806 6.972E-01 2.523E-01 2.455E+10 4.898E+03  4.501 0.0000
640    0.803 6.980E-01 2.483E-01 2.479E+10 4.875E+03  4.508 0.0000
641    0.800 6.956E-01 2.443E-01 2.503E+10 4.864E+03  4.520 0.0000
